This is part B
A is
0.962	2.562	0.946	
2.434	2.561	0.527	
1.154	0.019	2.750	

Q is
0.336	0.785	0.520	
0.851	-0.017	-0.525	
0.403	-0.619	0.674	

R is
2.860	3.049	1.875	
0.000	1.957	-0.968	
0.000	0.000	2.069	

This is A inverse (or B)
-0.607	0.607	0.093	
0.526	-0.134	-0.155	
0.251	-0.254	0.326	

AB is equal to
1.000	0.000	0.000	
-0.000	1.000	-0.000	
0.000	-0.000	1.000	

