This is problem A
A is equal to:
-0.514	4.512	-0.538	3.340	
4.512	-1.379	-3.787	-2.740	
-0.538	-3.787	1.408	-4.537	
3.340	-2.740	-4.537	1.992	

V is equal to:
0.481	0.695	-0.317	0.431	
-0.632	-0.069	-0.716	0.290	
-0.398	0.675	0.035	-0.620	
-0.460	0.237	0.621	0.589	

D is equal to:
-9.193	0.000	0.000	-0.000	
0.000	-0.349	-0.000	0.000	
0.000	-0.000	3.185	0.000	
-0.000	0.000	0.000	7.862	

V^T A V is equal to:
-9.193	0.000	0.000	-0.000	
0.000	-0.349	-0.000	0.000	
0.000	-0.000	3.185	0.000	
-0.000	-0.000	0.000	7.862	

This should be equal to D 

Testing the order:
n= 2,	time=0.00019436699949437752
n= 3,	time=0.0027875809973920695
n= 4,	time=0.013076898001600057
n= 5,	time=0.037244724997435696
n= 6,	time=0.09648943000502186
n= 7,	time=0.20422900600533467
n= 8,	time=0.4558966389959096
n= 9,	time=0.8532956720009679
